RESULTS

MulticlassAccuracy:0.8044999837875366
MulticlassPrecision:0.8032029867172241
MulticlassRecall:0.8044999837875366
MulticlassAveragePrecision:0.8812357783317566
MulticlassF1Score:0.8020157814025879
ASR:0.04226190476140164
ConditionalAverageRate:0.24055602167931067
