RESULTS

MulticlassAccuracy:0.7400000095367432
MulticlassPrecision:0.74102383852005
MulticlassRecall:0.7400000095367432
MulticlassAveragePrecision:0.7835914492607117
MulticlassF1Score:0.7393770217895508
