RESULTS

MulticlassAccuracy:0.09200000017881393
MulticlassPrecision:0.1211952194571495
MulticlassRecall:0.09199999272823334
MulticlassAveragePrecision:0.07062302529811859
MulticlassF1Score:0.09507056325674057
ASR:0.8753958419385929
ConditionalAverageRate:1.1657819060984689
