RESULTS

MulticlassAccuracy:0.8399999737739563
MulticlassPrecision:0.8397989273071289
MulticlassRecall:0.8399999737739563
MulticlassAveragePrecision:0.9120967984199524
MulticlassF1Score:0.8384003639221191
